50
C.carcharias_LOC121282821_ethanolamine_kinase_1like            0.0000000 0.9250031 0.8812637 0.8982465 0.9307043 0.9208974 0.9294050 0.8721948 0.9975009 0.9669890 0.9237633 0.9121022 0.9163286 0.8865885 0.9727742 1.0605093 0.9343887 0.9206190 0.9041080 0.9187302 1.0543743 1.0438057 0.9335599 0.9947946 0.9368243 0.9754065 4.3265851 3.5536550 3.1918283 3.0863180 3.0673621 3.0897746 3.0383306 3.4354278 3.4236665 3.4236665 3.3118047 3.3372898 2.9470946 3.5168277 3.1985898 3.1551459 3.1675811 3.0992317 3.0613301 3.6447218 3.2428666 3.2344839 4.6375460 4.6232332 
C.carcharias_LOC121282038_ethanolamine_kinase_1like_isoform_X1 0.9250031 0.0000000 0.8620166 0.8740435 1.1811797 1.3577791 0.7361226 0.7666951 0.8567610 0.6404765 0.6737894 0.6926968 0.6906727 0.6655785 0.7069148 0.7783480 0.7122987 0.5096356 0.5177430 0.5146707 0.7634109 0.7755837 0.6936116 0.5510908 0.7395131 0.6565728 4.8280968 3.6772616 3.6363324 3.3157678 3.2490034 3.4068737 3.4483472 3.4151991 3.2837026 3.2837026 3.1600852 3.4733019 2.9512103 3.2466705 3.1345248 3.1920489 3.0316063 3.0870964 2.9932612 3.7064328 3.2922806 3.1248676 4.7819173 4.6240993 
E.caballus_ETNK2_ethanolamine_kinase_2_isoform_X2              0.8812637 0.8620166 0.0000000 0.0873207 1.0560192 1.1230207 0.4289498 0.4464274 0.5546211 0.7066958 0.7078939 0.7029675 0.7082489 0.6330138 0.6608409 0.7152230 0.6670599 0.6278791 0.5978949 0.5917478 0.7006355 0.6775563 0.6183344 0.6573512 0.6206051 0.7187425 3.7285427 3.6012937 2.8660372 2.8913785 2.9014390 2.6314376 2.6143654 3.1245033 3.1083046 3.1083046 2.9939878 3.3188475 2.7951672 2.9702223 2.8603961 2.9045091 3.0342420 3.0331261 3.0940486 3.2581032 2.7287758 3.1134389 4.5939795 4.3803593 
F.catus_ETNK2_ethanolamine_kinase_2                            0.8982465 0.8740435 0.0873207 0.0000000 1.0532511 1.1425697 0.4281337 0.4564539 0.5710117 0.7149326 0.7286617 0.7268088 0.7307299 0.6683177 0.6847870 0.7078629 0.6989658 0.6583470 0.6274288 0.6163922 0.6991871 0.6918289 0.6184630 0.6916978 0.6440115 0.7321909 3.7104044 3.4218012 2.9877936 2.8847735 2.8758376 2.6679267 2.7222185 3.1226253 3.1980276 3.1980276 3.0125532 3.3583349 2.8168084 3.0452852 2.8702564 2.9136997 2.9791514 2.9910575 3.0511130 3.2833165 2.8305554 3.1534412 4.2993192 4.2084775 
G.aculeatus_zgc_113516_ethanolamine_kinase_1                   0.9307043 1.1811797 1.0560192 1.0532511 0.0000000 0.3883281 1.0607953 1.1327679 1.2985410 1.2105560 1.1673522 1.1577679 1.1701612 1.1306107 1.0969009 1.2525970 1.1063724 1.1747548 1.1516922 1.1683245 1.2512932 1.2549827 1.1942828 1.1544410 1.0735561 1.2151094 3.9083589 3.3557046 3.2526717 3.1588130 3.0753267 3.1614253 3.0387671 3.3700201 3.4473642 3.4473642 3.0661002 2.9817055 2.8707321 3.0484599 2.7635103 2.8056523 2.9279005 3.0320066 2.9337609 3.5936965 3.2694271 3.3290776 4.4935596 4.1970217 
S.salar_zgc_113516_uncharacterized_protein_LOC100196783        0.9208974 1.3577791 1.1230207 1.1425697 0.3883281 0.0000000 1.0978550 1.1795554 1.2422431 1.1515293 1.0465691 1.0544083 1.0593287 1.0818259 1.0793198 1.2365996 1.0481969 1.1789567 1.1632484 1.1458910 1.2353659 1.2463799 1.2275641 1.1907935 1.0457082 1.1502936 4.0120478 3.3001752 3.1983407 2.9458736 2.8346000 3.0887309 2.9403189 3.2792037 3.3359870 3.3359870 2.9652872 3.2184173 2.9659522 3.2294159 2.9886880 2.9654498 3.0583101 3.1362837 3.0491693 3.3211457 3.3066628 3.3753362 4.7161817 4.3371742 
C.mydas_ETNK2_ethanolamine_kinase_2_isoform_X1                 0.9294050 0.7361226 0.4289498 0.4281337 1.0607953 1.0978550 0.0000000 0.3938727 0.4308913 0.6632534 0.7256375 0.7271463 0.7312614 0.6523707 0.6623461 0.7861894 0.6964007 0.5694341 0.5658043 0.5660031 0.7751233 0.7208399 0.6406925 0.5954077 0.6853247 0.6879905 3.8172980 3.2209628 3.0334135 3.1808473 3.1579146 3.1180972 3.1732633 3.0867458 3.3211105 3.3211105 3.1520404 3.4411963 2.8802849 3.3358645 2.9693361 2.9890945 3.0722414 3.0858057 3.0500272 3.2673151 3.1236254 3.4174004 4.1229498 4.1160299 
G.gallus_ETNK2_ethanolamine_kinase_2_isoform_X1                0.8721948 0.7666951 0.4464274 0.4564539 1.1327679 1.1795554 0.3938727 0.0000000 0.4767608 0.7474187 0.7592279 0.7569217 0.7582880 0.7164436 0.7454114 0.7845099 0.7107656 0.6221729 0.6056787 0.6095178 0.7739084 0.7723428 0.6851369 0.6606853 0.7511705 0.7829450 4.1098011 3.4524612 2.9607182 2.9849505 2.9389717 3.1444430 3.1496620 2.9261030 3.1838391 3.1838391 3.1899420 3.5841594 2.7340730 3.0435463 2.8941975 2.9917491 3.1758088 3.2137550 3.1523552 3.3317764 3.0678319 3.2218157 4.4320508 4.3266151 
S.townsendi_ETNK2_ethanolamine_kinase_2_isoform_X1             0.9975009 0.8567610 0.5546211 0.5710117 1.2985410 1.2422431 0.4308913 0.4767608 0.0000000 0.7061715 0.7784762 0.7828015 0.7825118 0.7284324 0.7499452 0.8349753 0.7770021 0.6663503 0.6568500 0.6590241 0.8237979 0.8355152 0.7305644 0.6973101 0.7834622 0.7434508 4.1545425 3.5554226 2.8340961 3.1064172 3.0154410 3.2101005 3.1244913 2.9364168 2.9376668 2.9376668 3.1558502 3.3715852 2.7736477 3.2125593 2.9581806 3.0725375 3.0986127 3.1227897 3.0897042 3.3484148 3.1816599 3.3060601 4.4812564 4.3400581 
X.laevis_etnk1.L_ethanolamine_kinase_1_isoform_X1              0.9669890 0.6404765 0.7066958 0.7149326 1.2105560 1.1515293 0.6632534 0.7474187 0.7061715 0.0000000 0.2425753 0.2364879 0.2484696 0.2049735 0.2327824 0.5807043 0.2611130 0.5433339 0.5489290 0.5615046 0.4596383 0.4667295 0.4835750 0.6010268 0.4448408 0.0729281 4.0552830 3.2054235 3.0473054 2.8957984 2.9685334 3.1164965 3.0434911 3.0053602 3.0589611 3.0589611 2.8867293 3.1564005 2.7112677 2.9478081 2.6620355 2.7293657 2.7093529 2.7516305 2.7315742 3.3568801 2.9705528 3.0168389 4.1016477 4.0471970 
H.sapiens_ETNK1_ethanolamine_kinase_1_isoform_A                0.9237633 0.6737894 0.7078939 0.7286617 1.1673522 1.0465691 0.7256375 0.7592279 0.7784762 0.2425753 0.0000000 0.0260554 0.0260602 0.1328398 0.1618721 0.4559309 0.1769393 0.5662917 0.5762063 0.5572633 0.4489901 0.4585299 0.4507534 0.6089491 0.3996102 0.2432716 4.1169826 3.0858688 2.9427619 2.7557264 2.8100567 3.1165513 3.0205329 3.0969411 3.1261027 3.1261027 2.8406301 3.1225573 2.7306180 2.8669018 2.7083649 2.7902880 2.6804216 2.7186489 2.7441276 3.2129495 2.9141915 3.0636884 4.1349577 4.0128030 
E.caballus_ETNK1_ethanolamine_kinase_1                         0.9121022 0.6926968 0.7029675 0.7268088 1.1577679 1.0544083 0.7271463 0.7569217 0.7828015 0.2364879 0.0260554 0.0000000 0.0173403 0.1158986 0.1508543 0.4443241 0.1798589 0.5691060 0.5779289 0.5679218 0.4374468 0.4516968 0.4421038 0.6149335 0.3935508 0.2362133 4.0655836 3.0780680 2.9662991 2.7638496 2.8225447 3.1406125 3.0439128 3.1145637 3.1414303 3.1414303 2.8397011 3.1671819 2.7147702 2.8620435 2.7139669 2.7789926 2.7014442 2.7228987 2.7598281 3.2403383 2.9334407 3.0689127 4.1307363 3.9966498 
F.catus_ETNK1_ethanolamine_kinase_1                            0.9163286 0.6906727 0.7082489 0.7307299 1.1701612 1.0593287 0.7312614 0.7582880 0.7825118 0.2484696 0.0260602 0.0173403 0.0000000 0.1259169 0.1512577 0.4467021 0.1758403 0.5779097 0.5855442 0.5785467 0.4398200 0.4479906 0.4404451 0.6222700 0.4008454 0.2537854 4.0734941 3.0413183 2.9559252 2.7590138 2.8073513 3.1241328 3.0413421 3.1040501 3.1308376 3.1308376 2.7908152 3.1239658 2.6861882 2.8227075 2.6876030 2.7519197 2.6580767 2.6960486 2.7164756 3.1736438 2.8697027 3.0139141 4.0743355 3.9441381 
C.mydas_ETNK1_ethanolamine_kinase_1                            0.8865885 0.6655785 0.6330138 0.6683177 1.1306107 1.0818259 0.6523707 0.7164436 0.7284324 0.2049735 0.1328398 0.1158986 0.1259169 0.0000000 0.0888603 0.4216522 0.1130097 0.5465498 0.5559483 0.5477629 0.4149902 0.4310607 0.4113863 0.5800693 0.3968050 0.2139897 3.9763252 2.9733623 2.9576612 2.7968141 2.8420768 3.0412566 2.9528741 3.1411494 3.0339739 3.0339739 2.7614207 3.2418115 2.5939295 2.8488429 2.6816505 2.7948672 2.6515924 2.6435618 2.7017711 3.2265573 2.8867020 3.0715299 3.8689509 3.8911529 
G.gallus_ETNK1_ethanolamine_kinase_1_isoform_X1                0.9727742 0.7069148 0.6608409 0.6847870 1.0969009 1.0793198 0.6623461 0.7454114 0.7499452 0.2327824 0.1618721 0.1508543 0.1512577 0.0888603 0.0000000 0.4303283 0.1285990 0.5605898 0.5659143 0.5646738 0.4235239 0.4180112 0.4143912 0.5914532 0.3795624 0.2429944 4.0599821 2.8817413 2.9690278 2.7180710 2.7971618 3.1168543 3.0461150 3.1445534 3.0149778 3.0149778 2.7202690 3.1907448 2.5458153 2.7881652 2.6359076 2.7325018 2.6646330 2.6361698 2.6719266 3.1543315 2.8381967 3.0033619 3.8360266 3.7185269 
S.salar_LOC106576151_ethanolamine_kinase_1like_isoform_X3      1.0605093 0.7783480 0.7152230 0.7078629 1.2525970 1.2365996 0.7861894 0.7845099 0.8349753 0.5807043 0.4559309 0.4443241 0.4467021 0.4216522 0.4303283 0.0000000 0.4464317 0.6712404 0.6839767 0.6714991 0.0086676 0.1463175 0.5154337 0.6933132 0.2393282 0.4871043 3.8072046 3.3268707 3.0617441 2.8812255 2.7837023 2.9842308 2.9382548 3.1315900 3.1558997 3.1558997 2.9945852 3.1963994 2.8413801 3.0700173 2.7958276 2.8516265 2.8530129 2.9485696 2.9974348 3.3552749 3.0373297 3.1121381 4.3979787 4.3134322 
S.townsendi_ETNK1_ethanolamine_kinase_1                        0.9343887 0.7122987 0.6670599 0.6989658 1.1063724 1.0481969 0.6964007 0.7107656 0.7770021 0.2611130 0.1769393 0.1798589 0.1758403 0.1130097 0.1285990 0.4464317 0.0000000 0.5910453 0.5970531 0.5838328 0.4394389 0.4340281 0.4379167 0.6255202 0.4029633 0.2653717 4.1123375 2.9901569 2.8613164 2.7765365 2.8208436 3.0740470 3.0064621 2.9731412 2.9285847 2.9285847 2.7198760 3.1073687 2.4399654 2.7983818 2.6102958 2.7002986 2.7158123 2.6880566 2.7234247 3.1374478 2.8395034 3.0447726 3.9330638 3.9025657 
S.salar_LOC106583121_ethanolamine_kinase_1like                 0.9206190 0.5096356 0.6278791 0.6583470 1.1747548 1.1789567 0.5694341 0.6221729 0.6663503 0.5433339 0.5662917 0.5691060 0.5779097 0.5465498 0.5605898 0.6712404 0.5910453 0.0000000 0.0440451 0.1323219 0.6621313 0.6509511 0.5702732 0.1320487 0.5530554 0.5187867 3.9952748 3.3027096 3.1404706 2.7089425 2.6953114 3.0093536 3.0322185 3.1007447 3.0592372 3.0592372 2.9304940 3.0853457 2.6237867 2.8725189 2.7130601 2.7922648 2.8253102 2.8042179 2.8309267 3.2255336 2.7833022 2.9661557 4.2511434 4.1605270 
S.salar_LOC106565623_ethanolamine_kinase_1like                 0.9041080 0.5177430 0.5978949 0.6274288 1.1516922 1.1632484 0.5658043 0.6056787 0.6568500 0.5489290 0.5762063 0.5779289 0.5855442 0.5559483 0.5659143 0.6839767 0.5970531 0.0440451 0.0000000 0.1154215 0.6706627 0.6513388 0.5659203 0.1261308 0.5519835 0.5345068 3.9346386 3.3243938 3.1805502 2.7461529 2.7175679 2.9713081 2.9935703 3.1264027 3.0749577 3.0749577 2.8979438 3.1211280 2.6784403 2.9383795 2.7471167 2.8267931 2.8626044 2.8480117 2.8647866 3.2249637 2.8019740 3.0171385 4.3785740 4.2790936 
D.rerio_etnk2_ethanolamine_kinase_2                            0.9187302 0.5146707 0.5917478 0.6163922 1.1683245 1.1458910 0.5660031 0.6095178 0.6590241 0.5615046 0.5572633 0.5679218 0.5785467 0.5477629 0.5646738 0.6714991 0.5838328 0.1323219 0.1154215 0.0000000 0.6654650 0.6710741 0.5677831 0.1549267 0.5803007 0.5591871 3.7765652 3.2225897 3.1379294 2.6581742 2.6432787 2.8993789 2.8922080 3.0438858 3.0129744 3.0129744 2.8193945 3.1477688 2.5894747 2.8897464 2.7342605 2.7558010 2.7522909 2.7844031 2.7725878 3.1330110 2.6642690 2.8619395 4.2195708 4.0735535 
S.salar_LOC106609326_ethanolamine_kinase_1                     1.0543743 0.7634109 0.7006355 0.6991871 1.2512932 1.2353659 0.7751233 0.7739084 0.8237979 0.4596383 0.4489901 0.4374468 0.4398200 0.4149902 0.4235239 0.0086676 0.4394389 0.6621313 0.6706627 0.6654650 0.0000000 0.1417145 0.5124997 0.6799668 0.2346382 0.4798066 3.8274363 3.3011802 3.0134974 2.8640377 2.7672021 2.9569107 2.9113152 3.0826524 3.1055935 3.1055935 2.9745727 3.1583140 2.8103730 3.0786456 2.7768121 2.8320539 2.8325998 2.9271256 2.9754755 3.2987725 2.9881821 3.0614386 4.3503071 4.2935277 
G.aculeatus_etnk1_ethanolamine_kinase_1                        1.0438057 0.7755837 0.6775563 0.6918289 1.2549827 1.2463799 0.7208399 0.7723428 0.8355152 0.4667295 0.4585299 0.4516968 0.4479906 0.4310607 0.4180112 0.1463175 0.4340281 0.6509511 0.6513388 0.6710741 0.1417145 0.0000000 0.4874212 0.6832586 0.2733705 0.4789541 4.1224831 3.4039242 2.9614298 2.8490661 2.7701380 3.0131007 2.9724684 2.9595539 2.9846910 2.9846910 3.0087739 3.2592392 2.9091616 3.0531617 2.8484231 2.9050497 2.8656663 3.0214003 2.9922622 3.2329896 3.0586254 3.0549522 4.5630395 4.3334856 
C.carcharias_etnk1_ethanolamine_kinase_1_isoform_X2            0.9335599 0.6936116 0.6183344 0.6184630 1.1942828 1.2275641 0.6406925 0.6851369 0.7305644 0.4835750 0.4507534 0.4421038 0.4404451 0.4113863 0.4143912 0.5154337 0.4379167 0.5702732 0.5659203 0.5677831 0.5124997 0.4874212 0.0000000 0.5961020 0.4910999 0.4818312 3.9911230 3.2401621 3.1454714 3.0619829 3.0384485 3.0431987 3.0732315 3.2071441 3.2055428 3.2055428 3.1193422 3.1733254 2.8113593 3.1528141 2.8118728 2.8815757 2.9976446 3.0038478 3.0212730 3.4589228 3.2192744 3.1924283 4.3590907 4.1363307 
G.aculeatus_etnk2_ethanolamine_kinase_2                        0.9947946 0.5510908 0.6573512 0.6916978 1.1544410 1.1907935 0.5954077 0.6606853 0.6973101 0.6010268 0.6089491 0.6149335 0.6222700 0.5800693 0.5914532 0.6933132 0.6255202 0.1320487 0.1261308 0.1549267 0.6799668 0.6832586 0.5961020 0.0000000 0.5728012 0.5986329 3.8681242 3.2711313 2.9760131 2.7186228 2.7142882 2.9958478 2.9789200 2.9081796 2.8129400 2.8129400 2.8816636 2.9738681 2.5872820 2.8061472 2.6411764 2.7000930 2.8224708 2.8087516 2.8504491 3.0274149 2.6635736 2.9715281 4.2857645 4.1725678 
D.rerio_etnk1_ethanolamine_kinase_1_isoform_X1                 0.9368243 0.7395131 0.6206051 0.6440115 1.0735561 1.0457082 0.6853247 0.7511705 0.7834622 0.4448408 0.3996102 0.3935508 0.4008454 0.3968050 0.3795624 0.2393282 0.4029633 0.5530554 0.5519835 0.5803007 0.2346382 0.2733705 0.4910999 0.5728012 0.0000000 0.4555479 3.8431827 3.2863040 2.9751683 2.8018304 2.6786943 2.8966926 2.7828523 2.9000285 2.9181890 2.9181890 2.9915240 3.1454305 2.7515243 3.0774871 2.8215335 2.8992330 2.8014961 2.8413444 2.8947440 3.1418937 2.9606694 3.1856265 4.2289058 4.1868288 
X.laevis_etnk1.S_ethanolamine_kinase_1                         0.9754065 0.6565728 0.7187425 0.7321909 1.2151094 1.1502936 0.6879905 0.7829450 0.7434508 0.0729281 0.2432716 0.2362133 0.2537854 0.2139897 0.2429944 0.4871043 0.2653717 0.5187867 0.5345068 0.5591871 0.4798066 0.4789541 0.4818312 0.5986329 0.4555479 0.0000000 4.0907857 3.2250510 3.0880476 2.9212307 3.0233481 3.1747263 3.1239569 3.0628110 3.1028551 3.1028551 2.9051854 3.2371986 2.7265014 2.9766146 2.7514312 2.8099524 2.7797003 2.8283626 2.8082874 3.3326925 2.9950795 3.0880230 4.1093386 4.0847186 
E.caballus_CHKB_cholineethanolamine_kinase_isoform_X3          4.3265851 4.8280968 3.7285427 3.7104044 3.9083589 4.0120478 3.8172980 4.1098011 4.1545425 4.0552830 4.1169826 4.0655836 4.0734941 3.9763252 4.0599821 3.8072046 4.1123375 3.9952748 3.9346386 3.7765652 3.8274363 4.1224831 3.9911230 3.8681242 3.8431827 4.0907857 0.0000000 1.2634165 1.2275125 1.2005931 1.2055221 0.3297365 0.3526894 1.3179390 1.3756253 1.3756253 1.4109885 1.4589638 1.4011991 1.3056330 1.3696179 1.4016943 1.3292452 1.3608218 1.3471460 1.2815760 0.8311013 0.9090550 1.4040759 1.4776204 
H.sapiens_CHKA_choline_kinase_alpha_isoform_b                  3.5536550 3.6772616 3.6012937 3.4218012 3.3557046 3.3001752 3.2209628 3.4524612 3.5554226 3.2054235 3.0858688 3.0780680 3.0413183 2.9733623 2.8817413 3.3268707 2.9901569 3.3027096 3.3243938 3.2225897 3.3011802 3.4039242 3.2401621 3.2711313 3.2863040 3.2250510 1.2634165 0.0000000 0.8686882 1.1451122 1.0773305 1.0222092 0.9881064 0.9582163 0.9768198 0.9768198 0.4754864 0.6074948 0.6838199 0.6510736 0.5769120 0.5991647 0.3281687 0.3533550 0.3448586 0.8417755 0.7927566 0.8055303 0.2270528 0.2226456 
D.rerio_chkb_cholineethanolamine_kinase                        3.1918283 3.6363324 2.8660372 2.9877936 3.2526717 3.1983407 3.0334135 2.9607182 2.8340961 3.0473054 2.9427619 2.9662991 2.9559252 2.9576612 2.9690278 3.0617441 2.8613164 3.1404706 3.1805502 3.1379294 3.0134974 2.9614298 3.1454714 2.9760131 2.9751683 3.0880476 1.2275125 0.8686882 0.0000000 0.8750243 0.8672001 0.8156570 0.8358482 0.4546373 0.3700019 0.3700019 0.7934156 0.8351293 0.8111772 0.8080783 0.7372330 0.7439290 0.8484459 0.8457488 0.8323600 0.5804760 0.5771192 0.5931284 1.1259977 1.1041807 
X.laevis_chkb.S_cholineethanolamine_kinase_isoform_X2          3.0863180 3.3157678 2.8913785 2.8847735 3.1588130 2.9458736 3.1808473 2.9849505 3.1064172 2.8957984 2.7557264 2.7638496 2.7590138 2.7968141 2.7180710 2.8812255 2.7765365 2.7089425 2.7461529 2.6581742 2.8640377 2.8490661 3.0619829 2.7186228 2.8018304 2.9212307 1.2005931 1.1451122 0.8750243 0.0000000 0.1570567 0.7683631 0.8058982 1.0114869 0.9774028 0.9774028 0.9495441 1.0217458 1.0123120 0.9547882 0.9953117 1.0160057 0.9676859 0.9673724 1.0316277 0.9109042 0.6962344 0.6858652 1.4491465 1.4234685 
X.laevis_chkb.L_cholineethanolamine_kinase_isoform_X2          3.0673621 3.2490034 2.9014390 2.8758376 3.0753267 2.8346000 3.1579146 2.9389717 3.0154410 2.9685334 2.8100567 2.8225447 2.8073513 2.8420768 2.7971618 2.7837023 2.8208436 2.6953114 2.7175679 2.6432787 2.7672021 2.7701380 3.0384485 2.7142882 2.6786943 3.0233481 1.2055221 1.0773305 0.8672001 0.1570567 0.0000000 0.7805604 0.8093375 0.9579433 0.9345501 0.9345501 0.8924440 0.9651464 0.9725622 0.9330251 0.9688808 0.9876989 0.9103712 0.9104679 0.9739886 0.8516243 0.6614344 0.6546456 1.3783887 1.3553351 
F.catus_CHKB_cholineethanolamine_kinase_isoform_X2             3.0897746 3.4068737 2.6314376 2.6679267 3.1614253 3.0887309 3.1180972 3.1444430 3.2101005 3.1164965 3.1165513 3.1406125 3.1241328 3.0412566 3.1168543 2.9842308 3.0740470 3.0093536 2.9713081 2.8993789 2.9569107 3.0131007 3.0431987 2.9958478 2.8966926 3.1747263 0.3297365 1.0222092 0.8156570 0.7683631 0.7805604 0.0000000 0.1087997 0.8928611 0.8671809 0.8671809 0.8808137 0.9307728 0.9494321 0.9222037 0.8818542 0.8686728 0.9048649 0.8558029 0.9294245 0.8625849 0.5262878 0.5747197 1.2219463 1.2175909 
H.sapiens_CHKB_cholineethanolamine_kinase                      3.0383306 3.4483472 2.6143654 2.7222185 3.0387671 2.9403189 3.1732633 3.1496620 3.1244913 3.0434911 3.0205329 3.0439128 3.0413421 2.9528741 3.0461150 2.9382548 3.0064621 3.0322185 2.9935703 2.8922080 2.9113152 2.9724684 3.0732315 2.9789200 2.7828523 3.1239569 0.3526894 0.9881064 0.8358482 0.8058982 0.8093375 0.1087997 0.0000000 0.9084567 0.8664790 0.8664790 0.9157916 0.8991651 0.9065316 0.9110179 0.8702169 0.8709737 0.9077831 0.8448209 0.9151243 0.8586633 0.5117973 0.5787209 1.2203764 1.2115219 
G.aculeatus_chkb_cholineethanolamine_kinase                    3.4354278 3.4151991 3.1245033 3.1226253 3.3700201 3.2792037 3.0867458 2.9261030 2.9364168 3.0053602 3.0969411 3.1145637 3.1040501 3.1411494 3.1445534 3.1315900 2.9731412 3.1007447 3.1264027 3.0438858 3.0826524 2.9595539 3.2071441 2.9081796 2.9000285 3.0628110 1.3179390 0.9582163 0.4546373 1.0114869 0.9579433 0.8928611 0.9084567 0.0000000 0.3918213 0.3918213 0.8510927 0.8401602 0.8736270 0.8566692 0.8058711 0.7912100 0.9031867 0.8967064 0.8928019 0.6122971 0.6628091 0.6912579 1.1747470 1.1961231 
S.salar_LOC123728132_cholineethanolamine_kinaselike            3.4236665 3.2837026 3.1083046 3.1980276 3.4473642 3.3359870 3.3211105 3.1838391 2.9376668 3.0589611 3.1261027 3.1414303 3.1308376 3.0339739 3.0149778 3.1558997 2.9285847 3.0592372 3.0749577 3.0129744 3.1055935 2.9846910 3.2055428 2.8129400 2.9181890 3.1028551 1.3756253 0.9768198 0.3700019 0.9774028 0.9345501 0.8671809 0.8664790 0.3918213 0.0000000 0.0000010 0.8477446 0.8571057 0.9003537 0.8084298 0.7821085 0.7726246 0.9045194 0.9006210 0.8760273 0.5591891 0.6191310 0.6338186 1.2126199 1.1773296 
S.salar_LOC106561237_cholineethanolamine_kinase                3.4236665 3.2837026 3.1083046 3.1980276 3.4473642 3.3359870 3.3211105 3.1838391 2.9376668 3.0589611 3.1261027 3.1414303 3.1308376 3.0339739 3.0149778 3.1558997 2.9285847 3.0592372 3.0749577 3.0129744 3.1055935 2.9846910 3.2055428 2.8129400 2.9181890 3.1028551 1.3756253 0.9768198 0.3700019 0.9774028 0.9345501 0.8671809 0.8664790 0.3918213 0.0000010 0.0000000 0.8477446 0.8571057 0.9003537 0.8084298 0.7821085 0.7726246 0.9045194 0.9006210 0.8760273 0.5591891 0.6191310 0.6338186 1.2126199 1.1773296 
X.laevis_chka.L_choline_kinase_alpha                           3.3118047 3.1600852 2.9939878 3.0125532 3.0661002 2.9652872 3.1520404 3.1899420 3.1558502 2.8867293 2.8406301 2.8397011 2.7908152 2.7614207 2.7202690 2.9945852 2.7198760 2.9304940 2.8979438 2.8193945 2.9745727 3.0087739 3.1193422 2.8816636 2.9915240 2.9051854 1.4109885 0.4754864 0.7934156 0.9495441 0.8924440 0.8808137 0.9157916 0.8510927 0.8477446 0.8477446 0.0000000 0.5931753 0.5877262 0.5046301 0.5051417 0.5258377 0.3930805 0.4006590 0.4113612 0.7379131 0.6848147 0.7185349 0.6389119 0.6499651 
C.carcharias_chka_choline_kinase_alpha_isoform_X1              3.3372898 3.4733019 3.3188475 3.3583349 2.9817055 3.2184173 3.4411963 3.5841594 3.3715852 3.1564005 3.1225573 3.1671819 3.1239658 3.2418115 3.1907448 3.1963994 3.1073687 3.0853457 3.1211280 3.1477688 3.1583140 3.2592392 3.1733254 2.9738681 3.1454305 3.2371986 1.4589638 0.6074948 0.8351293 1.0217458 0.9651464 0.9307728 0.8991651 0.8401602 0.8571057 0.8571057 0.5931753 0.0000000 0.5957918 0.5928607 0.5215962 0.5400317 0.5370650 0.5596840 0.5622125 0.7898042 0.7809296 0.8236192 0.8053246 0.7932390 
G.aculeatus_chka_choline_kinase_alpha                          2.9470946 2.9512103 2.7951672 2.8168084 2.8707321 2.9659522 2.8802849 2.7340730 2.7736477 2.7112677 2.7306180 2.7147702 2.6861882 2.5939295 2.5458153 2.8413801 2.4399654 2.6237867 2.6784403 2.5894747 2.8103730 2.9091616 2.8113593 2.5872820 2.7515243 2.7265014 1.4011991 0.6838199 0.8111772 1.0123120 0.9725622 0.9494321 0.9065316 0.8736270 0.9003537 0.9003537 0.5877262 0.5957918 0.0000000 0.4755043 0.3454223 0.3544880 0.5777698 0.5651085 0.5747095 0.8964214 0.8098012 0.8053508 0.8079405 0.8245818 
D.rerio_chka_choline_kinase_alpha_isoform_X1                   3.5168277 3.2466705 2.9702223 3.0452852 3.0484599 3.2294159 3.3358645 3.0435463 3.2125593 2.9478081 2.8669018 2.8620435 2.8227075 2.8488429 2.7881652 3.0700173 2.7983818 2.8725189 2.9383795 2.8897464 3.0786456 3.0531617 3.1528141 2.8061472 3.0774871 2.9766146 1.3056330 0.6510736 0.8080783 0.9547882 0.9330251 0.9222037 0.9110179 0.8566692 0.8084298 0.8084298 0.5046301 0.5928607 0.4755043 0.0000000 0.2387962 0.2482528 0.5343717 0.5634453 0.5619930 0.8376127 0.7481423 0.7889626 0.8730708 0.8381147 
S.salar_chka_choline_kinase_alpha_isoform_X1                   3.1985898 3.1345248 2.8603961 2.8702564 2.7635103 2.9886880 2.9693361 2.8941975 2.9581806 2.6620355 2.7083649 2.7139669 2.6876030 2.6816505 2.6359076 2.7958276 2.6102958 2.7130601 2.7471167 2.7342605 2.7768121 2.8484231 2.8118728 2.6411764 2.8215335 2.7514312 1.3696179 0.5769120 0.7372330 0.9953117 0.9688808 0.8818542 0.8702169 0.8058711 0.7821085 0.7821085 0.5051417 0.5215962 0.3454223 0.2387962 0.0000000 0.0613536 0.4602181 0.5078666 0.4973312 0.7403479 0.7516747 0.7813645 0.7898445 0.7654171 
S.salar_LOC106560813_choline_kinase_alpha_isoform_X2           3.1551459 3.1920489 2.9045091 2.9136997 2.8056523 2.9654498 2.9890945 2.9917491 3.0725375 2.7293657 2.7902880 2.7789926 2.7519197 2.7948672 2.7325018 2.8516265 2.7002986 2.7922648 2.8267931 2.7558010 2.8320539 2.9050497 2.8815757 2.7000930 2.8992330 2.8099524 1.4016943 0.5991647 0.7439290 1.0160057 0.9876989 0.8686728 0.8709737 0.7912100 0.7726246 0.7726246 0.5258377 0.5400317 0.3544880 0.2482528 0.0613536 0.0000000 0.5080520 0.5344443 0.5306547 0.7828809 0.7950386 0.8358969 0.8157697 0.7834441 
C.mydas_CHKA_choline_kinase_alpha                              3.1675811 3.0316063 3.0342420 2.9791514 2.9279005 3.0583101 3.0722414 3.1758088 3.0986127 2.7093529 2.6804216 2.7014442 2.6580767 2.6515924 2.6646330 2.8530129 2.7158123 2.8253102 2.8626044 2.7522909 2.8325998 2.8656663 2.9976446 2.8224708 2.8014961 2.7797003 1.3292452 0.3281687 0.8484459 0.9676859 0.9103712 0.9048649 0.9077831 0.9031867 0.9045194 0.9045194 0.3930805 0.5370650 0.5777698 0.5343717 0.4602181 0.5080520 0.0000000 0.1703639 0.1872744 0.7823160 0.7072996 0.6788282 0.4463875 0.4581499 
G.gallus_CHKA_choline_kinase_alpha_isoform_X4                  3.0992317 3.0870964 3.0331261 2.9910575 3.0320066 3.1362837 3.0858057 3.2137550 3.1227897 2.7516305 2.7186489 2.7228987 2.6960486 2.6435618 2.6361698 2.9485696 2.6880566 2.8042179 2.8480117 2.7844031 2.9271256 3.0214003 3.0038478 2.8087516 2.8413444 2.8283626 1.3608218 0.3533550 0.8457488 0.9673724 0.9104679 0.8558029 0.8448209 0.8967064 0.9006210 0.9006210 0.4006590 0.5596840 0.5651085 0.5634453 0.5078666 0.5344443 0.1703639 0.0000000 0.2502826 0.7866170 0.6771322 0.6398542 0.4597704 0.4662957 
S.townsendi_CHKA_choline_kinase_alpha                          3.0613301 2.9932612 3.0940486 3.0511130 2.9337609 3.0491693 3.0500272 3.1523552 3.0897042 2.7315742 2.7441276 2.7598281 2.7164756 2.7017711 2.6719266 2.9974348 2.7234247 2.8309267 2.8647866 2.7725878 2.9754755 2.9922622 3.0212730 2.8504491 2.8947440 2.8082874 1.3471460 0.3448586 0.8323600 1.0316277 0.9739886 0.9294245 0.9151243 0.8928019 0.8760273 0.8760273 0.4113612 0.5622125 0.5747095 0.5619930 0.4973312 0.5306547 0.1872744 0.2502826 0.0000000 0.7971098 0.7127261 0.6807142 0.4606809 0.4457500 
C.carcharias_chkb_cholineethanolamine_kinase                   3.6447218 3.7064328 3.2581032 3.2833165 3.5936965 3.3211457 3.2673151 3.3317764 3.3484148 3.3568801 3.2129495 3.2403383 3.1736438 3.2265573 3.1543315 3.3552749 3.1374478 3.2255336 3.2249637 3.1330110 3.2987725 3.2329896 3.4589228 3.0274149 3.1418937 3.3326925 1.2815760 0.8417755 0.5804760 0.9109042 0.8516243 0.8625849 0.8586633 0.6122971 0.5591891 0.5591891 0.7379131 0.7898042 0.8964214 0.8376127 0.7403479 0.7828809 0.7823160 0.7866170 0.7971098 0.0000000 0.4258672 0.5649453 1.0640060 1.0595995 
C.mydas_CHKB_cholineethanolamine_kinase_isoform_X1             3.2428666 3.2922806 2.7287758 2.8305554 3.2694271 3.3066628 3.1236254 3.0678319 3.1816599 2.9705528 2.9141915 2.9334407 2.8697027 2.8867020 2.8381967 3.0373297 2.8395034 2.7833022 2.8019740 2.6642690 2.9881821 3.0586254 3.2192744 2.6635736 2.9606694 2.9950795 0.8311013 0.7927566 0.5771192 0.6962344 0.6614344 0.5262878 0.5117973 0.6628091 0.6191310 0.6191310 0.6848147 0.7809296 0.8098012 0.7481423 0.7516747 0.7950386 0.7072996 0.6771322 0.7127261 0.4258672 0.0000000 0.3043588 1.0108388 1.0350502 
S.townsendi_CHKB_cholineethanolamine_kinase                    3.2344839 3.1248676 3.1134389 3.1534412 3.3290776 3.3753362 3.4174004 3.2218157 3.3060601 3.0168389 3.0636884 3.0689127 3.0139141 3.0715299 3.0033619 3.1121381 3.0447726 2.9661557 3.0171385 2.8619395 3.0614386 3.0549522 3.1924283 2.9715281 3.1856265 3.0880230 0.9090550 0.8055303 0.5931284 0.6858652 0.6546456 0.5747197 0.5787209 0.6912579 0.6338186 0.6338186 0.7185349 0.8236192 0.8053508 0.7889626 0.7813645 0.8358969 0.6788282 0.6398542 0.6807142 0.5649453 0.3043588 0.0000000 1.0413701 1.0537385 
E.caballus_CHKA_choline_kinase_alpha_isoform_X4                4.6375460 4.7819173 4.5939795 4.2993192 4.4935596 4.7161817 4.1229498 4.4320508 4.4812564 4.1016477 4.1349577 4.1307363 4.0743355 3.8689509 3.8360266 4.3979787 3.9330638 4.2511434 4.3785740 4.2195708 4.3503071 4.5630395 4.3590907 4.2857645 4.2289058 4.1093386 1.4040759 0.2270528 1.1259977 1.4491465 1.3783887 1.2219463 1.2203764 1.1747470 1.2126199 1.2126199 0.6389119 0.8053246 0.8079405 0.8730708 0.7898445 0.8157697 0.4463875 0.4597704 0.4606809 1.0640060 1.0108388 1.0413701 0.0000000 0.2055087 
F.catus_CHKA_choline_kinase_alpha_isoform_X8                   4.6232332 4.6240993 4.3803593 4.2084775 4.1970217 4.3371742 4.1160299 4.3266151 4.3400581 4.0471970 4.0128030 3.9966498 3.9441381 3.8911529 3.7185269 4.3134322 3.9025657 4.1605270 4.2790936 4.0735535 4.2935277 4.3334856 4.1363307 4.1725678 4.1868288 4.0847186 1.4776204 0.2226456 1.1041807 1.4234685 1.3553351 1.2175909 1.2115219 1.1961231 1.1773296 1.1773296 0.6499651 0.7932390 0.8245818 0.8381147 0.7654171 0.7834441 0.4581499 0.4662957 0.4457500 1.0595995 1.0350502 1.0537385 0.2055087 0.0000000 
